6 0.050625 0.17033333333333334 0.04875 0.021333333333333333
10 0.160625 0.5486666666666666 0.09375 0.11133333333333334
6 0.109 0.4791666666666667 0.0375 0.03966666666666667
6 0.23775 0.6145 0.089 0.07966666666666666
6 0.32925 0.62 0.169 0.12733333333333333
6 0.433875 0.6631666666666667 0.09175 0.13566666666666666
6 0.361875 0.8476666666666667 0.16875 0.188
22 0.736125 0.14883333333333335 0.07325 0.05366666666666667
6 0.569375 0.46366666666666667 0.03475 0.03133333333333333
6 0.6375 0.5636666666666666 0.0155 0.014
6 0.701625 0.533 0.01325 0.018
22 0.76775 0.5265 0.014 0.021
6 0.8785 0.5623333333333334 0.0435 0.034666666666666665
13 0.55025 0.194 0.013 0.023333333333333334
12 0.5585 0.20283333333333334 0.0115 0.018333333333333333
22 0.21475 0.5361666666666667 0.0345 0.027
6 0.102625 0.6301666666666667 0.04425 0.067
6 0.2175 0.6785 0.0435 0.031
6 0.68475 0.9688333333333333 0.082 0.059666666666666666
6 0.898875 0.677 0.06075 0.048666666666666664
7 0.649125 0.4656666666666667 0.03725 0.042
7 0.684375 0.3993333333333333 0.03675 0.03
7 0.699875 0.515 0.02475 0.03866666666666667
22 0.34525 0.42183333333333334 0.0185 0.023666666666666666
9 0.4365 0.512 0.0395 0.037333333333333336
6 0.406 0.565 0.041 0.072
6 0.3545 0.5733333333333334 0.0365 0.034666666666666665
6 0.41875 0.5896666666666667 0.0335 0.044
6 0.3845 0.585 0.0265 0.018
6 0.578 0.685 0.038 0.036
7 0.58375 0.914 0.0465 0.04466666666666667
7 0.351375 0.52 0.02525 0.03333333333333333
22 0.35575 0.5068333333333334 0.0185 0.027666666666666666
6 0.625 0.542 0.0305 0.018
13 0.866625 0.5623333333333334 0.05575 0.04666666666666667
22 0.222125 0.7801666666666667 0.02425 0.027
22 0.678125 0.9121666666666667 0.01675 0.019666666666666666
