5 0.6825980392156863 0.6948529411764706 0.10866013071895425 0.09497549019607843
5 0.8368055555555556 0.07735906862745098 0.06740196078431372 0.04993872549019608
5 0.46629901960784315 0.5827205882352942 0.15727124183006536 0.0741421568627451
13 0.6421568627450981 0.7668504901960784 0.1119281045751634 0.11090686274509803
13 0.8235294117647058 0.04381127450980392 0.04330065359477124 0.08762254901960784
12 0.6601307189542484 0.7400428921568627 0.10294117647058823 0.0701593137254902
12 0.8410947712418301 0.04059436274509804 0.06944444444444445 0.04013480392156863
1 0.4765114379084967 0.4489889705882353 0.3075980392156863 0.20618872549019607
1 0.8950163398692811 0.29580269607843135 0.20915032679738563 0.2190563725490196
14 0.6850490196078431 0.21001838235294118 0.184640522875817 0.0818014705882353
10 0.6252042483660131 0.4257046568627451 0.04534313725490196 0.04136029411764706
22 0.8433415032679739 0.6887254901960784 0.08292483660130719 0.0428921568627451
11 0.7246732026143791 0.26838235294117646 0.032679738562091505 0.007352941176470588
